1200-500
    Fastest without considering C_d change:
No wind:441.4m/s 2.8 3.82s
Crosswind 20m/s:440.3m/s 2.8 -1.1(horiz)
    Considering C_d change:
No wind:342.2m/s 74.7 41.03s
Crosswind 20m/s:176.5m/s 54 -10(horiz) 
    Considering C_d change and velocity larger than sound barrier:(full)
No wind:300.2m/s 72.6 37.15s
Crosswind 20m/s:
    Considering the angle of the missle less than 25:
No wind:165.5m/s 25 12.17s
Crosswind 20m/s:167.3m/s 24.3 -3.9(horiz)
    Considering density effect of height:
No wind:162.0m/s 25
Crosswind 20m/s:163.7/s 24.3 -3.7(horiz)

Considering time to target:

Table without angle limit:



Table with angle limit:

ARTILLERY FIRING TABLE
================================================================================
Range (m) | Wind (m/s) | Wind Dir (°) | Velocity (m/s) | Elevation (°) | Azimuth (°) | Error (m)
--------------------------------------------------------------------------------
    1000 |        0.0 |            0 |          145.6 |         25.0 |        0.0 |      0.0
    1000 |        5.0 |           90 |          145.8 |         24.9 |       -1.0 |      0.0
    1000 |       10.0 |           90 |          146.2 |         24.7 |       -1.9 |      0.0
    1000 |        5.0 |          270 |          145.8 |         24.9 |        1.0 |      0.0
    1000 |       10.0 |          270 |          146.2 |         24.7 |        1.9 |      0.0
    1100 |        0.0 |            0 |          155.8 |         24.8 |        0.0 |      0.0
    1100 |        5.0 |           90 |          156.0 |         24.7 |       -1.0 |      0.0
    1100 |       10.0 |           90 |          156.3 |         24.6 |       -1.9 |      0.0
    1100 |        5.0 |          270 |          332.0 |          3.7 |        0.2 |      0.0
    1100 |       10.0 |          270 |          156.3 |         24.6 |        1.9 |      0.0
    1200 |        0.0 |            0 |          165.5 |         25.0 |        0.0 |      0.0
    1200 |        5.0 |           90 |          196.9 |         14.7 |       -0.6 |      0.0
    1200 |       10.0 |           90 |          165.8 |         24.9 |       -2.0 |      0.0
    1200 |        5.0 |          270 |          165.6 |         24.9 |        1.0 |      0.0
    1200 |       10.0 |          270 |          279.0 |          6.3 |        0.6 |      0.0
    1400 |        0.0 |            0 |          379.8 |          4.6 |       -0.0 |      0.0   
    1400 |        5.0 |           90 |          187.7 |         23.9 |       -1.0 |      0.0   
    1400 |       10.0 |           90 |          199.6 |         19.3 |       -1.6 |      0.0   
    1400 |        5.0 |          270 |          187.6 |         23.9 |        1.0 |      0.0   
    1400 |       10.0 |          270 |          199.6 |         19.3 |        1.6 |      0.0   
    1500 |        0.0 |            0 |          196.5 |         24.5 |       -0.0 |      0.0
    1500 |        5.0 |           90 |          203.2 |         21.6 |       -0.9 |      0.0
    1500 |       10.0 |           90 |          197.1 |         24.3 |       -2.0 |      0.0
    1500 |        5.0 |          270 |          203.2 |         21.6 |        0.9 |      0.0
    1500 |       10.0 |          270 |          376.1 |          5.1 |        0.7 |      0.0

RANGE PERFORMANCE SUMMARY
==================================================
Range (m) | Avg Velocity (m/s) | Avg Elevation (°) | Avg Error (m)
--------------------------------------------------
    1000 |             145.9 |             24.8 |          0.0
    1100 |             191.3 |             20.5 |          0.0
    1200 |             194.6 |             19.1 |          0.0
    1300 |             220.9 |             15.9 |          0.0
    1400 |             230.8 |             18.2 |          0.0
    1500 |             235.2 |             19.4 |          0.0


Running firing table for air density = 0.8 kg/m^3; wind cases per distance = 108
ARTILLERY FIRING TABLE
================================================================================
Range (m) | Wind (m/s) | Wind Dir (°) | Velocity (m/s) | Elevation (°) | Azimuth (°) | Error (m)
--------------------------------------------------------------------------------
    1000 |        0.0 |            0 |          133.5 |         25.0 |        0.0 |      0.0
    1000 |        2.5 |            0 |          132.8 |         25.0 |        0.0 |      0.0
    1000 |        5.0 |            0 |          132.2 |         25.0 |       -0.0 |      0.0
    1000 |        7.5 |            0 |          131.5 |         25.0 |       -0.0 |      0.0
    1000 |       10.0 |            0 |          130.8 |         25.0 |       -0.0 |      0.0
    1000 |       12.5 |            0 |          130.2 |         25.0 |        0.0 |      0.0
    1000 |       15.0 |            0 |          129.6 |         25.0 |       -0.0 |      0.0
    1000 |       17.5 |            0 |          129.0 |         25.0 |        0.0 |      0.0
    1000 |       20.0 |            0 |          183.5 |         10.5 |        0.0 |      0.0
    1000 |        0.0 |           30 |          133.5 |         25.0 |        0.0 |      0.0
    1000 |        2.5 |           30 |          132.9 |         25.0 |       -0.2 |      0.0
    1000 |        5.0 |           30 |          132.3 |         25.0 |       -0.3 |      0.0
    1000 |        7.5 |           30 |          132.0 |         24.8 |       -0.5 |      0.0
    1000 |       10.0 |           30 |          131.7 |         24.7 |       -0.6 |      0.0
    1000 |       12.5 |           30 |          131.2 |         24.7 |       -0.8 |      0.0
    1000 |       15.0 |           30 |          130.5 |         24.8 |       -0.9 |      0.0
    1000 |       17.5 |           30 |          129.8 |         24.9 |       -1.1 |      0.0
    1000 |       20.0 |           30 |          129.4 |         24.8 |       -1.2 |      0.0
    1000 |        0.0 |           60 |          133.5 |         25.0 |        0.0 |      0.0
    1000 |        2.5 |           60 |          133.3 |         24.9 |       -0.3 |      0.0
    1000 |        5.0 |           60 |          133.1 |         24.8 |       -0.6 |      0.0
    1000 |        7.5 |           60 |          133.0 |         24.7 |       -0.8 |      0.0
    1000 |       10.0 |           60 |          132.9 |         24.6 |       -1.1 |      0.0
    1000 |       12.5 |           60 |          132.6 |         24.6 |       -1.4 |      0.0
    1000 |       15.0 |           60 |          132.1 |         24.7 |       -1.6 |      0.0
    1000 |       17.5 |           60 |          131.8 |         24.7 |       -1.9 |      0.0
    1000 |       20.0 |           60 |          131.8 |         24.6 |       -2.1 |      0.0
    1000 |        0.0 |           90 |          133.5 |         25.0 |        0.0 |      0.0
    1000 |        2.5 |           90 |          133.5 |         25.0 |       -0.3 |      0.0
    1000 |        5.0 |           90 |          133.8 |         24.8 |       -0.6 |      0.0
    1000 |        7.5 |           90 |          134.0 |         24.6 |       -1.0 |      0.0
    1000 |       10.0 |           90 |          134.0 |         24.7 |       -1.3 |      0.0
    1000 |       12.5 |           90 |          133.7 |         24.9 |       -1.6 |      0.0
    1000 |       15.0 |           90 |          134.1 |         24.7 |       -1.9 |      0.0
    1000 |       17.5 |           90 |          134.3 |         24.6 |       -2.3 |      0.0
    1000 |       20.0 |           90 |          134.5 |         24.5 |       -2.6 |      0.0
    1000 |        0.0 |          120 |          133.5 |         25.0 |        0.0 |      0.0
    1000 |        2.5 |          120 |          133.8 |         25.0 |       -0.3 |      0.0
    1000 |        5.0 |          120 |          134.4 |         24.8 |       -0.6 |      0.0
    1000 |        7.5 |          120 |          136.6 |         23.7 |       -0.8 |      0.0
    1000 |       10.0 |          120 |          136.8 |         23.8 |       -1.1 |      0.0
    1000 |       12.5 |          120 |          137.0 |         23.9 |       -1.4 |      0.0
    1000 |       15.0 |          120 |          137.2 |         24.0 |       -1.7 |      0.0
    1000 |       17.5 |          120 |          136.2 |         24.8 |       -2.0 |      0.0
    1000 |       20.0 |          120 |          136.6 |         24.8 |       -2.3 |      0.0
    1000 |        0.0 |          150 |          133.5 |         25.0 |        0.0 |      0.0
    1000 |        2.5 |          150 |          134.0 |         25.0 |       -0.2 |      0.0
    1000 |        5.0 |          150 |          136.7 |         23.8 |       -0.3 |      0.0
    1000 |        7.5 |          150 |          137.0 |         23.9 |       -0.5 |      0.0
    1000 |       10.0 |          150 |          135.9 |         24.9 |       -0.7 |      0.0
    1000 |       12.5 |          150 |          137.0 |         24.6 |       -0.8 |      0.0
    1000 |       15.0 |          150 |          137.0 |         25.0 |       -1.0 |      0.0
    1000 |       17.5 |          150 |          137.7 |         24.9 |       -1.2 |      0.0
    1000 |       20.0 |          150 |          138.4 |         24.8 |       -1.4 |      0.0
    1000 |        0.0 |          180 |          133.5 |         25.0 |        0.0 |      0.0
    1000 |        2.5 |          180 |          134.1 |         25.0 |        0.0 |      0.0
    1000 |        5.0 |          180 |          136.8 |         23.8 |       -0.0 |      0.0
    1000 |        7.5 |          180 |          137.0 |         24.0 |        0.0 |      0.0
    1000 |       10.0 |          180 |          136.3 |         24.9 |        0.0 |      0.0
    1000 |       12.5 |          180 |          137.2 |         24.7 |        0.0 |      0.0
    1000 |       15.0 |          180 |          137.5 |         24.9 |       -0.0 |      0.0
    1000 |       17.5 |          180 |          138.6 |         24.7 |        0.0 |      0.0
    1000 |       20.0 |          180 |          140.3 |         24.1 |       -0.0 |      0.0
    1000 |        0.0 |          210 |          133.5 |         25.0 |        0.0 |      0.0
    1000 |        2.5 |          210 |          134.0 |         25.0 |        0.2 |      0.0
    1000 |        5.0 |          210 |          136.7 |         23.8 |        0.3 |      0.0
    1000 |        7.5 |          210 |          137.0 |         23.9 |        0.5 |      0.0
    1000 |       10.0 |          210 |          135.9 |         24.9 |        0.7 |      0.0
    1000 |       12.5 |          210 |          192.5 |         10.1 |        0.4 |      0.0
    1000 |       15.0 |          210 |          137.0 |         25.0 |        1.0 |      0.0
    1000 |       17.5 |          210 |          192.8 |         10.1 |        0.5 |      0.0
    1000 |       20.0 |          210 |          138.4 |         24.8 |        1.4 |      0.0
    1000 |        0.0 |          240 |          133.5 |         25.0 |        0.0 |      0.0
    1000 |        2.5 |          240 |          133.8 |         25.0 |        0.3 |      0.0
    1000 |        5.0 |          240 |          134.4 |         24.8 |        0.6 |      0.0
    1000 |        7.5 |          240 |          136.6 |         23.7 |        0.8 |      0.0
    1000 |       10.0 |          240 |          136.8 |         23.8 |        1.1 |      0.0
    1000 |       12.5 |          240 |          183.1 |         11.2 |        0.7 |      0.0
    1000 |       15.0 |          240 |          137.2 |         24.0 |        1.7 |      0.0
    1000 |       17.5 |          240 |          136.2 |         24.8 |        2.0 |      0.0
    1000 |       20.0 |          240 |          136.6 |         24.8 |        2.3 |      0.0
    1000 |        0.0 |          270 |          133.5 |         25.0 |        0.0 |      0.0
    1000 |        2.5 |          270 |          133.5 |         25.0 |        0.3 |      0.0
    1000 |        5.0 |          270 |          133.8 |         24.8 |        0.6 |      0.0
    1000 |        7.5 |          270 |          134.0 |         24.7 |        1.0 |      0.0
    1000 |       10.0 |          270 |          134.0 |         24.7 |        1.3 |      0.0
    1000 |       12.5 |          270 |          133.7 |         24.9 |        1.6 |      0.0
    1000 |       15.0 |          270 |          134.1 |         24.7 |        1.9 |      0.0
    1000 |       17.5 |          270 |          134.3 |         24.6 |        2.3 |      0.0
    1000 |       20.0 |          270 |          134.5 |         24.5 |        2.6 |      0.0
    1000 |        0.0 |          300 |          133.5 |         25.0 |        0.0 |      0.0
    1000 |        2.5 |          300 |          133.3 |         24.9 |        0.3 |      0.0
    1000 |        5.0 |          300 |          133.1 |         24.8 |        0.6 |      0.0
    1000 |        7.5 |          300 |          133.0 |         24.7 |        0.8 |      0.0
    1000 |       10.0 |          300 |          132.9 |         24.6 |        1.1 |      0.0
    1000 |       12.5 |          300 |          132.6 |         24.6 |        1.4 |      0.0
    1000 |       15.0 |          300 |          132.1 |         24.7 |        1.6 |      0.0
    1000 |       17.5 |          300 |          131.8 |         24.7 |        1.9 |      0.0
    1000 |       20.0 |          300 |          183.4 |         10.7 |        1.1 |      0.0
    1000 |        0.0 |          330 |          133.5 |         25.0 |        0.0 |      0.0
    1000 |        2.5 |          330 |          132.9 |         25.0 |        0.2 |      0.0
    1000 |        5.0 |          330 |          132.3 |         25.0 |        0.3 |      0.0
    1000 |        7.5 |          330 |          132.0 |         24.8 |        0.5 |      0.0
    1000 |       10.0 |          330 |          131.7 |         24.7 |        0.6 |      0.0
    1000 |       12.5 |          330 |          131.2 |         24.7 |        0.8 |      0.0
    1000 |       15.0 |          330 |          130.5 |         24.8 |        0.9 |      0.0
    1000 |       17.5 |          330 |          129.8 |         24.9 |        1.1 |      0.0
    1000 |       20.0 |          330 |          129.4 |         24.8 |        1.2 |      0.0
    1100 |        0.0 |            0 |          143.8 |         23.8 |        0.0 |      0.0
    1100 |        2.5 |            0 |          141.0 |         25.0 |       -0.0 |      0.0
    1100 |        5.0 |            0 |          140.3 |         24.9 |        0.0 |      0.0
    1100 |        7.5 |            0 |          139.6 |         25.0 |        0.0 |      0.0
    1100 |       10.0 |            0 |          139.6 |         24.6 |        0.0 |      0.0
    1100 |       12.5 |            0 |          139.2 |         24.5 |        0.0 |      0.0
    1100 |       15.0 |            0 |          137.9 |         24.8 |        0.0 |      0.0
    1100 |       17.5 |            0 |          140.2 |         23.3 |       -0.0 |      0.0
    1100 |       20.0 |            0 |          136.2 |         25.0 |        0.0 |      0.0
    1100 |        0.0 |           30 |          143.8 |         23.8 |        0.0 |      0.0
    1100 |        2.5 |           30 |          141.1 |         25.0 |       -0.2 |      0.0
    1100 |        5.0 |           30 |          140.6 |         24.9 |       -0.3 |      0.0
    1100 |        7.5 |           30 |          139.9 |         25.0 |       -0.5 |      0.0
    1100 |       10.0 |           30 |          139.3 |         25.0 |       -0.6 |      0.0
    1100 |       12.5 |           30 |          192.7 |         10.9 |       -0.4 |      0.0
    1100 |       15.0 |           30 |          138.5 |         24.8 |       -0.9 |      0.0
    1100 |       17.5 |           30 |          185.0 |         11.8 |       -0.6 |      0.0
    1100 |       20.0 |           30 |          184.6 |         11.8 |       -0.7 |      0.0
    1100 |        0.0 |           60 |          143.8 |         23.8 |        0.0 |      0.0
    1100 |        2.5 |           60 |          143.4 |         23.8 |       -0.3 |      0.0
    1100 |        5.0 |           60 |          141.0 |         25.0 |       -0.6 |      0.0
    1100 |        7.5 |           60 |          140.8 |         24.9 |       -0.8 |      0.0
    1100 |       10.0 |           60 |          140.5 |         24.9 |       -1.1 |      0.0
    1100 |       12.5 |           60 |          140.1 |         24.9 |       -1.4 |      0.0
    1100 |       15.0 |           60 |          184.9 |         12.0 |       -0.9 |      0.0
    1100 |       17.5 |           60 |          139.4 |         25.0 |       -1.9 |      0.0
    1100 |       20.0 |           60 |          192.7 |         10.9 |       -1.1 |      0.0
    1100 |        0.0 |           90 |          143.8 |         23.8 |        0.0 |      0.0
    1100 |        2.5 |           90 |          143.8 |         23.8 |       -0.3 |      0.0
    1100 |        5.0 |           90 |          143.8 |         23.8 |       -0.6 |      0.0
    1100 |        7.5 |           90 |          193.3 |         11.1 |       -0.5 |      0.0
    1100 |       10.0 |           90 |          143.9 |         23.8 |       -1.3 |      0.0
    1100 |       12.5 |           90 |          193.2 |         11.1 |       -0.8 |      0.0
    1100 |       15.0 |           90 |          144.1 |         23.7 |       -1.9 |      0.0
    1100 |       17.5 |           90 |          144.2 |         23.6 |       -2.2 |      0.0
    1100 |       20.0 |           90 |          144.4 |         23.6 |       -2.5 |      0.0
    1100 |        0.0 |          120 |          143.8 |         23.8 |        0.0 |      0.0
    1100 |        2.5 |          120 |          144.0 |         23.9 |       -0.3 |      0.0
    1100 |        5.0 |          120 |          144.2 |         23.9 |       -0.6 |      0.0
    1100 |        0.0 |          150 |          143.8 |         23.8 |        0.0 |      0.0
    1100 |        2.5 |          150 |          189.4 |         11.7 |       -0.1 |      0.0
    1100 |        5.0 |          150 |          144.5 |         24.0 |       -0.3 |      0.0
    1100 |        7.5 |          150 |          144.8 |         24.2 |       -0.5 |      0.0
    1100 |       10.0 |          150 |          145.3 |         24.3 |       -0.7 |      0.0
    1100 |       12.5 |          150 |          145.7 |         24.4 |       -0.8 |      0.0
    1100 |       15.0 |          150 |          188.2 |         12.2 |       -0.6 |      0.0
    1100 |       17.5 |          150 |          146.6 |         24.7 |       -1.2 |      0.0
    1100 |       20.0 |          150 |          193.0 |         11.6 |       -0.7 |      0.0
    1100 |        0.0 |          180 |          143.8 |         23.8 |        0.0 |      0.0
    1100 |        2.5 |          180 |          144.2 |         23.9 |        0.0 |      0.0
    1100 |       10.0 |          150 |          145.3 |         24.3 |       -0.7 |      0.0
    1100 |       12.5 |          150 |          145.7 |         24.4 |       -0.8 |      0.0
    1100 |       15.0 |          150 |          188.2 |         12.2 |       -0.6 |      0.0
    1100 |       17.5 |          150 |          146.6 |         24.7 |       -1.2 |      0.0
    1100 |       20.0 |          150 |          193.0 |         11.6 |       -0.7 |      0.0
    1100 |        0.0 |          180 |          143.8 |         23.8 |        0.0 |      0.0
    1100 |        2.5 |          180 |          144.2 |         23.9 |        0.0 |      0.0
    1100 |       17.5 |          150 |          146.6 |         24.7 |       -1.2 |      0.0
    1100 |       20.0 |          150 |          193.0 |         11.6 |       -0.7 |      0.0
    1100 |        0.0 |          180 |          143.8 |         23.8 |        0.0 |      0.0
    1100 |        2.5 |          180 |          144.2 |         23.9 |        0.0 |      0.0
    1100 |        5.0 |          180 |          144.6 |         24.1 |        0.0 |      0.0
    1100 |        7.5 |          180 |          145.0 |         24.2 |       -0.0 |      0.0
    1100 |       10.0 |          180 |          145.6 |         24.3 |        0.0 |      0.0
    1100 |       12.5 |          180 |          146.0 |         24.5 |       -0.0 |      0.0
    1100 |       15.0 |          180 |          193.0 |         11.6 |       -0.0 |      0.0
    1100 |       17.5 |          180 |          146.7 |         25.0 |        0.0 |      0.0
    1100 |       20.0 |          180 |          147.9 |         24.8 |        0.0 |      0.0
    1100 |        0.0 |          210 |          143.8 |         23.8 |        0.0 |      0.0
    1100 |        2.5 |          210 |          144.2 |         23.9 |        0.2 |      0.0
    1100 |        5.0 |          210 |          144.5 |         24.0 |        0.3 |      0.0
    1100 |        7.5 |          210 |          144.9 |         24.2 |        0.5 |      0.0
    1100 |       10.0 |          210 |          145.2 |         24.3 |        0.7 |      0.0
    1100 |       12.5 |          210 |          145.7 |         24.4 |        0.8 |      0.0
    1100 |       15.0 |          210 |          193.4 |         11.4 |        0.5 |      0.0
    1100 |       17.5 |          210 |          193.4 |         11.5 |        0.6 |      0.0
    1100 |       20.0 |          210 |          193.1 |         11.6 |        0.7 |      0.0
    1100 |        0.0 |          240 |          143.8 |         23.8 |        0.0 |      0.0
    1100 |        2.5 |          240 |          144.0 |         23.9 |        0.3 |      0.0
    1100 |        5.0 |          240 |          193.4 |         11.1 |        0.3 |      0.0
    1100 |        7.5 |          240 |          144.4 |         24.0 |        0.8 |      0.0
    1100 |       10.0 |          240 |          144.7 |         24.0 |        1.1 |      0.0
    1100 |       12.5 |          240 |          145.0 |         24.1 |        1.4 |      0.0
    1100 |       15.0 |          240 |          145.3 |         24.1 |        1.7 |      0.0
    1100 |       17.5 |          240 |          193.2 |         11.3 |        1.0 |      0.0
    1100 |       20.0 |          240 |          145.9 |         24.2 |        2.3 |      0.0
    1100 |        0.0 |          270 |          143.8 |         23.8 |        0.0 |      0.0
    1100 |        2.5 |          270 |          143.8 |         23.8 |        0.3 |      0.0
    1100 |        5.0 |          270 |          143.8 |         23.8 |        0.6 |      0.0
    1100 |        7.5 |          270 |          193.3 |         11.1 |        0.5 |      0.0
    1100 |       10.0 |          270 |          193.3 |         11.1 |        0.7 |      0.0
    1100 |       12.5 |          270 |          193.3 |         11.1 |        0.8 |      0.0
    1100 |       15.0 |          270 |          193.2 |         11.1 |        1.0 |      0.0
    1100 |       17.5 |          270 |          193.1 |         11.1 |        1.2 |      0.0
    1100 |       20.0 |          270 |          144.4 |         23.6 |        2.5 |      0.0
    1100 |        0.0 |          300 |          143.8 |         23.8 |        0.0 |      0.0
    1100 |        2.5 |          300 |          193.2 |         11.1 |        0.1 |      0.0
    1100 |        5.0 |          300 |          141.0 |         25.0 |        0.6 |      0.0
    1100 |        7.5 |          300 |          140.8 |         24.9 |        0.8 |      0.0
    1100 |       10.0 |          300 |          140.5 |         24.9 |        1.1 |      0.0
    1100 |       12.5 |          300 |          140.1 |         24.9 |        1.4 |      0.0
    1100 |       15.0 |          300 |          139.7 |         25.0 |        1.7 |      0.0
    1100 |       17.5 |          300 |          184.6 |         12.0 |        1.0 |      0.0
    1100 |       20.0 |          300 |          192.6 |         10.9 |        1.1 |      0.0
    1100 |        0.0 |          330 |          143.8 |         23.8 |        0.0 |      0.0
    1100 |        2.5 |          330 |          141.1 |         25.0 |        0.2 |      0.0
    1100 |        5.0 |          330 |          140.7 |         24.9 |        0.3 |      0.0
    1100 |        7.5 |          330 |          139.9 |         25.0 |        0.5 |      0.0
    1100 |       10.0 |          330 |          139.3 |         25.0 |        0.6 |      0.0
    1100 |       12.5 |          330 |          192.7 |         10.9 |        0.4 |      0.0
    1100 |       15.0 |          330 |          138.5 |         24.8 |        0.9 |      0.0
    1100 |       17.5 |          330 |          137.9 |         24.8 |        1.1 |      0.0
    1100 |       20.0 |          330 |          140.4 |         23.3 |        1.2 |      0.0
    1200 |        0.0 |            0 |          149.6 |         25.0 |        0.0 |      0.0
    1200 |        2.5 |            0 |          149.0 |         24.9 |       -0.0 |      0.0
    1200 |        5.0 |            0 |          149.1 |         24.5 |       -0.0 |      0.0
    1200 |        7.5 |            0 |          193.9 |         12.2 |       -0.0 |      0.0
    1200 |       10.0 |            0 |          193.2 |         12.2 |        0.0 |      0.0
    1200 |       12.5 |            0 |          148.2 |         23.9 |       -0.0 |      0.0
    1200 |       15.0 |            0 |          147.8 |         23.7 |        0.0 |      0.0
    1200 |       17.5 |            0 |          147.7 |         23.5 |       -0.0 |      0.0
    1200 |       20.0 |            0 |          147.5 |         23.2 |       -0.0 |      0.0
    1200 |        0.0 |           30 |          149.6 |         25.0 |        0.0 |      0.0
    1200 |        2.5 |           30 |          149.1 |         25.0 |       -0.2 |      0.0
    1200 |        5.0 |           30 |          194.2 |         12.2 |       -0.2 |      0.0
    1200 |        7.5 |           30 |          148.8 |         24.4 |       -0.5 |      0.0
    1200 |       10.0 |           30 |          148.7 |         24.1 |       -0.6 |      0.0
    1200 |       12.5 |           30 |          193.7 |         12.1 |       -0.4 |      0.0
    1200 |       15.0 |           30 |          148.3 |         23.8 |       -0.9 |      0.0
    1200 |       17.5 |           30 |          148.0 |         23.7 |       -1.1 |      0.0
    1200 |       20.0 |           30 |          147.9 |         23.4 |       -1.2 |      0.0
    1200 |        0.0 |           60 |          149.6 |         25.0 |        0.0 |      0.0
    1200 |        2.5 |           60 |          149.4 |         24.9 |       -0.3 |      0.0
    1200 |        5.0 |           60 |          194.5 |         12.3 |       -0.3 |      0.0
    1200 |        7.5 |           60 |          149.3 |         24.6 |       -0.9 |      0.0
    1200 |       10.0 |           60 |          194.2 |         12.2 |       -0.6 |      0.0
    1200 |       12.5 |           60 |          149.2 |         24.3 |       -1.4 |      0.0
    1200 |       15.0 |           60 |          148.9 |         24.3 |       -1.7 |      0.0
    1200 |       17.5 |           60 |          193.2 |         12.2 |       -1.1 |      0.0
    1200 |       20.0 |           60 |          148.9 |         24.0 |       -2.2 |      0.0
    1200 |        0.0 |           90 |          149.6 |         25.0 |        0.0 |      0.0
    1200 |        2.5 |           90 |          149.7 |         25.0 |       -0.3 |      0.0
    1200 |        5.0 |           90 |          194.3 |         12.4 |       -0.4 |      0.0
    1200 |        7.5 |           90 |          194.4 |         12.4 |       -0.5 |      0.0
    1200 |       10.0 |           90 |          150.7 |         24.4 |       -1.3 |      0.0
    1200 |       12.5 |           90 |          194.3 |         12.4 |       -0.9 |      0.0
    1200 |       15.0 |           90 |          150.8 |         24.4 |       -2.0 |      0.0
    1200 |       17.5 |           90 |          150.9 |         24.4 |       -2.3 |      0.0
    1200 |       20.0 |           90 |          194.3 |         12.4 |       -1.5 |      0.0
    1200 |        0.0 |          120 |          149.6 |         25.0 |        0.0 |      0.0
    1200 |        2.5 |          120 |          150.0 |         25.0 |       -0.3 |      0.0
    1200 |        5.0 |          120 |          150.9 |         24.7 |       -0.6 |      0.0
    1200 |        7.5 |          120 |          151.2 |         24.7 |       -0.9 |      0.0
    1200 |       10.0 |          120 |          194.6 |         12.5 |       -0.6 |      0.0
    1200 |       12.5 |          120 |          194.6 |         12.6 |       -0.8 |      0.0
    1200 |       15.0 |          120 |          152.4 |         24.8 |       -1.8 |      0.0
    1200 |       17.5 |          120 |          152.9 |         24.7 |       -2.1 |      0.0
    1200 |       20.0 |          120 |          194.7 |         12.7 |       -1.3 |      0.0
    1200 |        0.0 |          150 |          149.6 |         25.0 |        0.0 |      0.0
    1200 |        2.5 |          150 |          150.9 |         24.6 |       -0.2 |      0.0
    1200 |        5.0 |          150 |          151.3 |         24.7 |       -0.3 |      0.0
    1200 |        7.5 |          150 |          151.8 |         24.8 |       -0.5 |      0.0
    1200 |       10.0 |          150 |          152.4 |         24.9 |       -0.7 |      0.0
    1200 |       12.5 |          150 |          194.8 |         12.7 |       -0.5 |      0.0
    1200 |       15.0 |          150 |          154.3 |         24.6 |       -1.0 |      0.0
    1200 |       17.5 |          150 |          154.8 |         24.8 |       -1.2 |      0.0
    1200 |       20.0 |          150 |          156.0 |         24.6 |       -1.4 |      0.0
    1200 |        0.0 |          180 |          149.6 |         25.0 |        0.0 |      0.0
    1200 |        2.5 |          180 |          150.9 |         24.7 |       -0.0 |      0.0
    1200 |        5.0 |          180 |          151.4 |         24.8 |        0.0 |      0.0
    1200 |        7.5 |          180 |          194.4 |         12.6 |        0.0 |      0.0
    1200 |       10.0 |          180 |          152.7 |         25.0 |        0.0 |      0.0
    1200 |       12.5 |          180 |          153.6 |         25.0 |        0.0 |      0.0
    1200 |       15.0 |          180 |          154.4 |         25.0 |        0.0 |      0.0
    1200 |       17.5 |          180 |          155.2 |         25.0 |        0.0 |      0.0
    1200 |       20.0 |          180 |          156.2 |         24.9 |        0.0 |      0.0
    1200 |        0.0 |          210 |          149.6 |         25.0 |        0.0 |      0.0
    1200 |        2.5 |          210 |          150.9 |         24.6 |        0.2 |      0.0
    1200 |        5.0 |          210 |          151.3 |         24.7 |        0.3 |      0.0
    1200 |        7.5 |          210 |          151.9 |         24.8 |        0.5 |      0.0
    1200 |       10.0 |          210 |          194.7 |         12.6 |        0.4 |      0.0
    1200 |       12.5 |          210 |          153.2 |         24.8 |        0.9 |      0.0
    1200 |       15.0 |          210 |          154.3 |         24.6 |        1.0 |      0.0
    1200 |       17.5 |          210 |          195.0 |         12.8 |        0.7 |      0.0
    1200 |       17.5 |          180 |          155.2 |         25.0 |        0.0 |      0.0
    1200 |       20.0 |          180 |          156.2 |         24.9 |        0.0 |      0.0
    1200 |        0.0 |          210 |          149.6 |         25.0 |        0.0 |      0.0
    1200 |        2.5 |          210 |          150.9 |         24.6 |        0.2 |      0.0
    1200 |        5.0 |          210 |          151.3 |         24.7 |        0.3 |      0.0
    1200 |        7.5 |          210 |          151.9 |         24.8 |        0.5 |      0.0
    1200 |       10.0 |          210 |          194.7 |         12.6 |        0.4 |      0.0
    1200 |       12.5 |          210 |          153.2 |         24.8 |        0.9 |      0.0
    1200 |       15.0 |          210 |          154.3 |         24.6 |        1.0 |      0.0
    1200 |       17.5 |          210 |          195.0 |         12.8 |        0.7 |      0.0
    1200 |        0.0 |          210 |          149.6 |         25.0 |        0.0 |      0.0
    1200 |        2.5 |          210 |          150.9 |         24.6 |        0.2 |      0.0
    1200 |        5.0 |          210 |          151.3 |         24.7 |        0.3 |      0.0
    1200 |        7.5 |          210 |          151.9 |         24.8 |        0.5 |      0.0
    1200 |       10.0 |          210 |          194.7 |         12.6 |        0.4 |      0.0
    1200 |       12.5 |          210 |          153.2 |         24.8 |        0.9 |      0.0
    1200 |       15.0 |          210 |          154.3 |         24.6 |        1.0 |      0.0
    1200 |       17.5 |          210 |          195.0 |         12.8 |        0.7 |      0.0
    1200 |        5.0 |          210 |          151.3 |         24.7 |        0.3 |      0.0
    1200 |        7.5 |          210 |          151.9 |         24.8 |        0.5 |      0.0
    1200 |       10.0 |          210 |          194.7 |         12.6 |        0.4 |      0.0
    1200 |       12.5 |          210 |          153.2 |         24.8 |        0.9 |      0.0
    1200 |       15.0 |          210 |          154.3 |         24.6 |        1.0 |      0.0
    1200 |       17.5 |          210 |          195.0 |         12.8 |        0.7 |      0.0
    1200 |        7.5 |          210 |          151.9 |         24.8 |        0.5 |      0.0
    1200 |       10.0 |          210 |          194.7 |         12.6 |        0.4 |      0.0
    1200 |       12.5 |          210 |          153.2 |         24.8 |        0.9 |      0.0
    1200 |       15.0 |          210 |          154.3 |         24.6 |        1.0 |      0.0
    1200 |       17.5 |          210 |          195.0 |         12.8 |        0.7 |      0.0
    1200 |       10.0 |          210 |          194.7 |         12.6 |        0.4 |      0.0
    1200 |       12.5 |          210 |          153.2 |         24.8 |        0.9 |      0.0
    1200 |       15.0 |          210 |          154.3 |         24.6 |        1.0 |      0.0
    1200 |       17.5 |          210 |          195.0 |         12.8 |        0.7 |      0.0
    1200 |       12.5 |          210 |          153.2 |         24.8 |        0.9 |      0.0
    1200 |       15.0 |          210 |          154.3 |         24.6 |        1.0 |      0.0
    1200 |       17.5 |          210 |          195.0 |         12.8 |        0.7 |      0.0
    1200 |       15.0 |          210 |          154.3 |         24.6 |        1.0 |      0.0
    1200 |       17.5 |          210 |          195.0 |         12.8 |        0.7 |      0.0
    1200 |       17.5 |          210 |          195.0 |         12.8 |        0.7 |      0.0
    1200 |       20.0 |          210 |          195.1 |         12.9 |        0.8 |      0.0
    1200 |        0.0 |          240 |          149.6 |         25.0 |        0.0 |      0.0
    1200 |        2.5 |          240 |          150.0 |         25.0 |        0.3 |      0.0
    1200 |        5.0 |          240 |          150.9 |         24.7 |        0.6 |      0.0
    1200 |        7.5 |          240 |          151.2 |         24.7 |        0.9 |      0.0
    1200 |       10.0 |          240 |          194.5 |         12.5 |        0.6 |      0.0
    1200 |       12.5 |          240 |          152.0 |         24.7 |        1.5 |      0.0
    1200 |       15.0 |          240 |          152.4 |         24.8 |        1.8 |      0.0
    1200 |       17.5 |          240 |          194.7 |         12.6 |        1.2 |      0.0
    1200 |       20.0 |          240 |          194.7 |         12.7 |        1.3 |      0.0
    1200 |        0.0 |          270 |          149.6 |         25.0 |        0.0 |      0.0
    1200 |        2.5 |          270 |          149.6 |         25.0 |        0.3 |      0.0
    1200 |        5.0 |          270 |          194.4 |         12.4 |        0.4 |      0.0
    1200 |        7.5 |          270 |          149.8 |         24.9 |        1.0 |      0.0
    1200 |       10.0 |          270 |          194.4 |         12.4 |        0.7 |      0.0
    1200 |       12.5 |          270 |          194.3 |         12.4 |        0.9 |      0.0
    1200 |       15.0 |          270 |          150.8 |         24.4 |        2.0 |      0.0
    1200 |       17.5 |          270 |          150.9 |         24.4 |        2.3 |      0.0
    1200 |       20.0 |          270 |          151.2 |         24.3 |        2.6 |      0.0
    1200 |        0.0 |          300 |          149.6 |         25.0 |        0.0 |      0.0
    1200 |        2.5 |          300 |          149.4 |         24.9 |        0.3 |      0.0
    1200 |        5.0 |          300 |          149.4 |         24.7 |        0.6 |      0.0
    1200 |        7.5 |          300 |          149.3 |         24.6 |        0.9 |      0.0
    1200 |       10.0 |          300 |          193.5 |         12.3 |        0.6 |      0.0
    1200 |       12.5 |          300 |          149.2 |         24.3 |        1.4 |      0.0
    1200 |       15.0 |          300 |          148.9 |         24.3 |        1.7 |      0.0
    1200 |       17.5 |          300 |          193.8 |         12.2 |        1.1 |      0.0
    1200 |       20.0 |          300 |          195.1 |         11.9 |        1.2 |      0.0
    1200 |        0.0 |          330 |          149.6 |         25.0 |        0.0 |      0.0
    1200 |        2.5 |          330 |          194.3 |         12.3 |        0.1 |      0.0
    1200 |        5.0 |          330 |          194.2 |         12.2 |        0.2 |      0.0
    1200 |        7.5 |          330 |          148.8 |         24.4 |        0.5 |      0.0
    1200 |       10.0 |          330 |          193.5 |         12.2 |        0.4 |      0.0
    1200 |       12.5 |          330 |          192.9 |         12.2 |        0.4 |      0.0
    1200 |       15.0 |          330 |          193.7 |         12.0 |        0.5 |      0.0
    1200 |       17.5 |          330 |          148.0 |         23.7 |        1.1 |      0.0
    1200 |       20.0 |          330 |          147.9 |         23.4 |        1.2 |      0.0
    1300 |        0.0 |            0 |          158.2 |         24.6 |       -0.0 |      0.0
    1300 |        2.5 |            0 |          156.7 |         25.0 |        0.0 |      0.0
    1300 |        5.0 |            0 |          155.9 |         25.0 |       -0.0 |      0.0
    1300 |        7.5 |            0 |          195.2 |         13.5 |        0.0 |      0.0
    1300 |       10.0 |            0 |          154.4 |         25.0 |        0.0 |      0.0
    1300 |       12.5 |            0 |          154.2 |         24.7 |       -0.0 |      0.0
    1300 |       15.0 |            0 |          153.8 |         24.6 |        0.0 |      0.0
    1300 |       17.5 |            0 |          194.7 |         13.1 |        0.0 |      0.0
    1300 |       20.0 |            0 |          193.8 |         13.2 |       -0.0 |      0.0
    1300 |        0.0 |           30 |          158.2 |         24.6 |       -0.0 |      0.0
    1300 |        2.5 |           30 |          156.9 |         24.9 |       -0.2 |      0.0
    1300 |        5.0 |           30 |          156.3 |         24.9 |       -0.3 |      0.0
    1300 |        7.5 |           30 |          155.5 |         25.0 |       -0.5 |      0.0
    1300 |       10.0 |           30 |          195.1 |         13.4 |       -0.4 |      0.0
    1300 |       12.5 |           30 |          195.0 |         13.4 |       -0.5 |      0.0
    1300 |       15.0 |           30 |          194.9 |         13.3 |       -0.6 |      0.0
    1300 |       17.5 |           30 |          194.8 |         13.2 |       -0.7 |      0.0
    1300 |       20.0 |           30 |          153.4 |         24.5 |       -1.3 |      0.0
    1300 |        0.0 |           60 |          158.2 |         24.6 |       -0.0 |      0.0
    1300 |        2.5 |           60 |          157.1 |         24.9 |       -0.3 |      0.0
    1300 |        5.0 |           60 |          156.8 |         24.9 |       -0.6 |      0.0